{
 "cells": [
  {
   "cell_type": "code",
   "execution_count": 2,
   "id": "3fe18d6f",
   "metadata": {},
   "outputs": [],
   "source": [
    "from sqlalchemy import create_engine\n",
    "\n",
    "user = 'root'\n",
    "password = 'root'\n",
    "host = 'localhost'\n",
    "port = '3306'\n",
    "database = 'traffic_violation'\n",
    "\n",
    "engine = create_engine(f\"mysql+pymysql://{user}:{password}@{host}:{port}/{database}\")"
   ]
  },
  {
   "cell_type": "code",
   "execution_count": 3,
   "id": "d01c2e9e",
   "metadata": {},
   "outputs": [
    {
     "data": {
      "text/html": [
       "<div>\n",
       "<style scoped>\n",
       "    .dataframe tbody tr th:only-of-type {\n",
       "        vertical-align: middle;\n",
       "    }\n",
       "\n",
       "    .dataframe tbody tr th {\n",
       "        vertical-align: top;\n",
       "    }\n",
       "\n",
       "    .dataframe thead th {\n",
       "        text-align: right;\n",
       "    }\n",
       "</style>\n",
       "<table border=\"1\" class=\"dataframe\">\n",
       "  <thead>\n",
       "    <tr style=\"text-align: right;\">\n",
       "      <th></th>\n",
       "      <th>SeqID</th>\n",
       "      <th>Date Of Stop</th>\n",
       "      <th>Time Of Stop</th>\n",
       "      <th>Agency</th>\n",
       "      <th>SubAgency</th>\n",
       "      <th>Location</th>\n",
       "      <th>Latitude</th>\n",
       "      <th>Longitude</th>\n",
       "      <th>Accident</th>\n",
       "      <th>Belts</th>\n",
       "      <th>Personal Injury</th>\n",
       "      <th>Property Damage</th>\n",
       "      <th>Fatal</th>\n",
       "      <th>Commercial License</th>\n",
       "      <th>HAZMAT</th>\n",
       "      <th>Commercial Vehicle</th>\n",
       "      <th>Alcohol</th>\n",
       "      <th>Work Zone</th>\n",
       "      <th>Search Conducted</th>\n",
       "      <th>Search Disposition</th>\n",
       "      <th>Search Outcome</th>\n",
       "      <th>Search Reason</th>\n",
       "      <th>Search Reason For Stop</th>\n",
       "      <th>Search Type</th>\n",
       "      <th>Search Arrest Reason</th>\n",
       "      <th>State</th>\n",
       "      <th>VehicleType</th>\n",
       "      <th>Year</th>\n",
       "      <th>Make</th>\n",
       "      <th>Model</th>\n",
       "      <th>Color</th>\n",
       "      <th>Race</th>\n",
       "      <th>Gender</th>\n",
       "      <th>Driver City</th>\n",
       "      <th>Driver State</th>\n",
       "      <th>DL State</th>\n",
       "      <th>Arrest Type</th>\n",
       "      <th>District Number</th>\n",
       "    </tr>\n",
       "  </thead>\n",
       "  <tbody>\n",
       "    <tr>\n",
       "      <th>0</th>\n",
       "      <td>00001e27-8bde-4328-8b33-2d2d9a9ce862</td>\n",
       "      <td>2015-11-04</td>\n",
       "      <td>10:54:00</td>\n",
       "      <td>MCP</td>\n",
       "      <td>3rd District, Silver Spring</td>\n",
       "      <td>veirs mill/ennalls</td>\n",
       "      <td>39.039675</td>\n",
       "      <td>-77.054437</td>\n",
       "      <td>0</td>\n",
       "      <td>0</td>\n",
       "      <td>0</td>\n",
       "      <td>0</td>\n",
       "      <td>0</td>\n",
       "      <td>0</td>\n",
       "      <td>0</td>\n",
       "      <td>0</td>\n",
       "      <td>0</td>\n",
       "      <td>0</td>\n",
       "      <td>No</td>\n",
       "      <td>Not Applicable</td>\n",
       "      <td>Citation</td>\n",
       "      <td>None</td>\n",
       "      <td>21-503(c)</td>\n",
       "      <td>Not Applicable</td>\n",
       "      <td>None</td>\n",
       "      <td>XX</td>\n",
       "      <td>Unknown</td>\n",
       "      <td>2015</td>\n",
       "      <td>lincoln</td>\n",
       "      <td>NONE</td>\n",
       "      <td>not applicable</td>\n",
       "      <td>hispanic</td>\n",
       "      <td>F</td>\n",
       "      <td>gaithersburg</td>\n",
       "      <td>MD</td>\n",
       "      <td>MD</td>\n",
       "      <td>Marked Patrol</td>\n",
       "      <td>3.0</td>\n",
       "    </tr>\n",
       "    <tr>\n",
       "      <th>1</th>\n",
       "      <td>0000395c-bbf9-49e3-ba75-91e2da9e98d7</td>\n",
       "      <td>2022-07-13</td>\n",
       "      <td>10:22:00</td>\n",
       "      <td>MCP</td>\n",
       "      <td>Headquarters and Special Operations</td>\n",
       "      <td>macarthur blvd/wilson ln</td>\n",
       "      <td>38.972838</td>\n",
       "      <td>-77.147292</td>\n",
       "      <td>0</td>\n",
       "      <td>0</td>\n",
       "      <td>0</td>\n",
       "      <td>0</td>\n",
       "      <td>0</td>\n",
       "      <td>0</td>\n",
       "      <td>0</td>\n",
       "      <td>0</td>\n",
       "      <td>0</td>\n",
       "      <td>0</td>\n",
       "      <td>No</td>\n",
       "      <td>Not Applicable</td>\n",
       "      <td>Warning</td>\n",
       "      <td>None</td>\n",
       "      <td>21-201(a1)</td>\n",
       "      <td>Not Applicable</td>\n",
       "      <td>None</td>\n",
       "      <td>VA</td>\n",
       "      <td>Light Duty Truck</td>\n",
       "      <td>2022</td>\n",
       "      <td>ford</td>\n",
       "      <td>TK</td>\n",
       "      <td>white</td>\n",
       "      <td>hispanic</td>\n",
       "      <td>M</td>\n",
       "      <td>manassas park</td>\n",
       "      <td>VA</td>\n",
       "      <td>VA</td>\n",
       "      <td>Marked Patrol</td>\n",
       "      <td>NaN</td>\n",
       "    </tr>\n",
       "    <tr>\n",
       "      <th>2</th>\n",
       "      <td>00006268-72eb-42ff-b6b0-50c21d820e9c</td>\n",
       "      <td>2014-11-04</td>\n",
       "      <td>23:02:00</td>\n",
       "      <td>MCP</td>\n",
       "      <td>3rd District, Silver Spring</td>\n",
       "      <td>e. randolph/billington rd</td>\n",
       "      <td>39.066070</td>\n",
       "      <td>-76.980695</td>\n",
       "      <td>0</td>\n",
       "      <td>0</td>\n",
       "      <td>0</td>\n",
       "      <td>0</td>\n",
       "      <td>0</td>\n",
       "      <td>0</td>\n",
       "      <td>0</td>\n",
       "      <td>0</td>\n",
       "      <td>0</td>\n",
       "      <td>0</td>\n",
       "      <td>No</td>\n",
       "      <td>Not Applicable</td>\n",
       "      <td>Warning</td>\n",
       "      <td>None</td>\n",
       "      <td>22-226(a)</td>\n",
       "      <td>Not Applicable</td>\n",
       "      <td>None</td>\n",
       "      <td>MD</td>\n",
       "      <td>Automobile</td>\n",
       "      <td>2014</td>\n",
       "      <td>hyundai</td>\n",
       "      <td>ELANTRA</td>\n",
       "      <td>blue</td>\n",
       "      <td>black</td>\n",
       "      <td>M</td>\n",
       "      <td>silver spring</td>\n",
       "      <td>MD</td>\n",
       "      <td>MD</td>\n",
       "      <td>Marked Patrol</td>\n",
       "      <td>3.0</td>\n",
       "    </tr>\n",
       "    <tr>\n",
       "      <th>3</th>\n",
       "      <td>000071c5-c385-4191-9cd7-e854d2054963</td>\n",
       "      <td>2016-07-15</td>\n",
       "      <td>07:49:00</td>\n",
       "      <td>MCP</td>\n",
       "      <td>3rd District, Silver Spring</td>\n",
       "      <td>29 and southwood dr</td>\n",
       "      <td>NaN</td>\n",
       "      <td>NaN</td>\n",
       "      <td>0</td>\n",
       "      <td>0</td>\n",
       "      <td>0</td>\n",
       "      <td>0</td>\n",
       "      <td>0</td>\n",
       "      <td>0</td>\n",
       "      <td>0</td>\n",
       "      <td>0</td>\n",
       "      <td>0</td>\n",
       "      <td>0</td>\n",
       "      <td>No</td>\n",
       "      <td>Not Applicable</td>\n",
       "      <td>None</td>\n",
       "      <td>None</td>\n",
       "      <td>None</td>\n",
       "      <td>Not Applicable</td>\n",
       "      <td>None</td>\n",
       "      <td>MD</td>\n",
       "      <td>Automobile</td>\n",
       "      <td>2016</td>\n",
       "      <td>ford</td>\n",
       "      <td>TK</td>\n",
       "      <td>black</td>\n",
       "      <td>black</td>\n",
       "      <td>F</td>\n",
       "      <td>silver spring</td>\n",
       "      <td>MD</td>\n",
       "      <td>MD</td>\n",
       "      <td>Marked Patrol</td>\n",
       "      <td>3.0</td>\n",
       "    </tr>\n",
       "    <tr>\n",
       "      <th>4</th>\n",
       "      <td>000099b1-4dcb-4f94-8aef-71ffb198890b</td>\n",
       "      <td>2016-12-07</td>\n",
       "      <td>08:18:00</td>\n",
       "      <td>MCP</td>\n",
       "      <td>6th District, Gaithersburg / Montgomery Village</td>\n",
       "      <td>airpark rd &amp; stratos ln</td>\n",
       "      <td>39.158037</td>\n",
       "      <td>-77.143687</td>\n",
       "      <td>0</td>\n",
       "      <td>0</td>\n",
       "      <td>0</td>\n",
       "      <td>0</td>\n",
       "      <td>0</td>\n",
       "      <td>0</td>\n",
       "      <td>0</td>\n",
       "      <td>0</td>\n",
       "      <td>0</td>\n",
       "      <td>0</td>\n",
       "      <td>No</td>\n",
       "      <td>Not Applicable</td>\n",
       "      <td>None</td>\n",
       "      <td>None</td>\n",
       "      <td>None</td>\n",
       "      <td>Not Applicable</td>\n",
       "      <td>None</td>\n",
       "      <td>VA</td>\n",
       "      <td>Station Wagon</td>\n",
       "      <td>2016</td>\n",
       "      <td>nissan</td>\n",
       "      <td>PATHFINDER</td>\n",
       "      <td>black</td>\n",
       "      <td>white</td>\n",
       "      <td>M</td>\n",
       "      <td>fairfax</td>\n",
       "      <td>VA</td>\n",
       "      <td>VA</td>\n",
       "      <td>Marked Patrol</td>\n",
       "      <td>6.0</td>\n",
       "    </tr>\n",
       "  </tbody>\n",
       "</table>\n",
       "</div>"
      ],
      "text/plain": [
       "                                  SeqID Date Of Stop Time Of Stop Agency  \\\n",
       "0  00001e27-8bde-4328-8b33-2d2d9a9ce862   2015-11-04     10:54:00    MCP   \n",
       "1  0000395c-bbf9-49e3-ba75-91e2da9e98d7   2022-07-13     10:22:00    MCP   \n",
       "2  00006268-72eb-42ff-b6b0-50c21d820e9c   2014-11-04     23:02:00    MCP   \n",
       "3  000071c5-c385-4191-9cd7-e854d2054963   2016-07-15     07:49:00    MCP   \n",
       "4  000099b1-4dcb-4f94-8aef-71ffb198890b   2016-12-07     08:18:00    MCP   \n",
       "\n",
       "                                         SubAgency                   Location  \\\n",
       "0                      3rd District, Silver Spring         veirs mill/ennalls   \n",
       "1              Headquarters and Special Operations   macarthur blvd/wilson ln   \n",
       "2                      3rd District, Silver Spring  e. randolph/billington rd   \n",
       "3                      3rd District, Silver Spring        29 and southwood dr   \n",
       "4  6th District, Gaithersburg / Montgomery Village    airpark rd & stratos ln   \n",
       "\n",
       "    Latitude  Longitude  Accident  Belts  Personal Injury  Property Damage  \\\n",
       "0  39.039675 -77.054437         0      0                0                0   \n",
       "1  38.972838 -77.147292         0      0                0                0   \n",
       "2  39.066070 -76.980695         0      0                0                0   \n",
       "3        NaN        NaN         0      0                0                0   \n",
       "4  39.158037 -77.143687         0      0                0                0   \n",
       "\n",
       "   Fatal  Commercial License  HAZMAT  Commercial Vehicle  Alcohol  Work Zone  \\\n",
       "0      0                   0       0                   0        0          0   \n",
       "1      0                   0       0                   0        0          0   \n",
       "2      0                   0       0                   0        0          0   \n",
       "3      0                   0       0                   0        0          0   \n",
       "4      0                   0       0                   0        0          0   \n",
       "\n",
       "  Search Conducted Search Disposition Search Outcome Search Reason  \\\n",
       "0               No     Not Applicable       Citation          None   \n",
       "1               No     Not Applicable        Warning          None   \n",
       "2               No     Not Applicable        Warning          None   \n",
       "3               No     Not Applicable           None          None   \n",
       "4               No     Not Applicable           None          None   \n",
       "\n",
       "  Search Reason For Stop     Search Type Search Arrest Reason State  \\\n",
       "0              21-503(c)  Not Applicable                 None    XX   \n",
       "1             21-201(a1)  Not Applicable                 None    VA   \n",
       "2              22-226(a)  Not Applicable                 None    MD   \n",
       "3                   None  Not Applicable                 None    MD   \n",
       "4                   None  Not Applicable                 None    VA   \n",
       "\n",
       "        VehicleType  Year     Make       Model           Color      Race  \\\n",
       "0           Unknown  2015  lincoln        NONE  not applicable  hispanic   \n",
       "1  Light Duty Truck  2022     ford          TK           white  hispanic   \n",
       "2        Automobile  2014  hyundai     ELANTRA            blue     black   \n",
       "3        Automobile  2016     ford          TK           black     black   \n",
       "4     Station Wagon  2016   nissan  PATHFINDER           black     white   \n",
       "\n",
       "  Gender    Driver City Driver State DL State    Arrest Type  District Number  \n",
       "0      F   gaithersburg           MD       MD  Marked Patrol              3.0  \n",
       "1      M  manassas park           VA       VA  Marked Patrol              NaN  \n",
       "2      M  silver spring           MD       MD  Marked Patrol              3.0  \n",
       "3      F  silver spring           MD       MD  Marked Patrol              3.0  \n",
       "4      M        fairfax           VA       VA  Marked Patrol              6.0  "
      ]
     },
     "execution_count": 3,
     "metadata": {},
     "output_type": "execute_result"
    }
   ],
   "source": [
    "import pandas as pd\n",
    "pd.set_option(\"display.max_columns\",None)\n",
    "df=pd.read_sql(\"fact_table\",engine)\n",
    "df.head()"
   ]
  },
  {
   "cell_type": "code",
   "execution_count": 4,
   "id": "3cb1b415",
   "metadata": {},
   "outputs": [
    {
     "data": {
      "text/html": [
       "<div>\n",
       "<style scoped>\n",
       "    .dataframe tbody tr th:only-of-type {\n",
       "        vertical-align: middle;\n",
       "    }\n",
       "\n",
       "    .dataframe tbody tr th {\n",
       "        vertical-align: top;\n",
       "    }\n",
       "\n",
       "    .dataframe thead th {\n",
       "        text-align: right;\n",
       "    }\n",
       "</style>\n",
       "<table border=\"1\" class=\"dataframe\">\n",
       "  <thead>\n",
       "    <tr style=\"text-align: right;\">\n",
       "      <th></th>\n",
       "      <th>charges_id</th>\n",
       "      <th>SeqID</th>\n",
       "      <th>Date Of Stop</th>\n",
       "      <th>Time Of Stop</th>\n",
       "      <th>Charge</th>\n",
       "      <th>Article</th>\n",
       "      <th>Description</th>\n",
       "      <th>Violation Type</th>\n",
       "    </tr>\n",
       "  </thead>\n",
       "  <tbody>\n",
       "    <tr>\n",
       "      <th>0</th>\n",
       "      <td>0</td>\n",
       "      <td>52282e8c-f2e1-4bb5-8509-2d5e4f8da8ca</td>\n",
       "      <td>2023-05-01</td>\n",
       "      <td>23:11:00</td>\n",
       "      <td>13-401(b1)</td>\n",
       "      <td>Transportation Article</td>\n",
       "      <td>operating unregistered motor vehicle on highway</td>\n",
       "      <td>Citation</td>\n",
       "    </tr>\n",
       "    <tr>\n",
       "      <th>1</th>\n",
       "      <td>1</td>\n",
       "      <td>b66f253b-af29-4bc4-bb73-93755ca2a779</td>\n",
       "      <td>2023-08-31</td>\n",
       "      <td>16:41:00</td>\n",
       "      <td>16-101(a1)</td>\n",
       "      <td>Transportation Article</td>\n",
       "      <td>driving to drive motor vehicle on highway with...</td>\n",
       "      <td>Citation</td>\n",
       "    </tr>\n",
       "    <tr>\n",
       "      <th>2</th>\n",
       "      <td>2</td>\n",
       "      <td>b66f253b-af29-4bc4-bb73-93755ca2a779</td>\n",
       "      <td>2023-08-31</td>\n",
       "      <td>16:41:00</td>\n",
       "      <td>13-409(b)</td>\n",
       "      <td>Transportation Article</td>\n",
       "      <td>failure to display registration card upon dema...</td>\n",
       "      <td>Citation</td>\n",
       "    </tr>\n",
       "    <tr>\n",
       "      <th>3</th>\n",
       "      <td>3</td>\n",
       "      <td>b66f253b-af29-4bc4-bb73-93755ca2a779</td>\n",
       "      <td>2023-08-31</td>\n",
       "      <td>16:41:00</td>\n",
       "      <td>21-310(a)</td>\n",
       "      <td>Transportation Article</td>\n",
       "      <td>driver of motor vehicle following vehicle clos...</td>\n",
       "      <td>Citation</td>\n",
       "    </tr>\n",
       "    <tr>\n",
       "      <th>4</th>\n",
       "      <td>4</td>\n",
       "      <td>b66f253b-af29-4bc4-bb73-93755ca2a779</td>\n",
       "      <td>2023-08-31</td>\n",
       "      <td>16:41:00</td>\n",
       "      <td>21-801(b)</td>\n",
       "      <td>Transportation Article</td>\n",
       "      <td>failure to control veh. speed on hwy. to avoid...</td>\n",
       "      <td>Citation</td>\n",
       "    </tr>\n",
       "  </tbody>\n",
       "</table>\n",
       "</div>"
      ],
      "text/plain": [
       "   charges_id                                 SeqID Date Of Stop Time Of Stop  \\\n",
       "0           0  52282e8c-f2e1-4bb5-8509-2d5e4f8da8ca   2023-05-01     23:11:00   \n",
       "1           1  b66f253b-af29-4bc4-bb73-93755ca2a779   2023-08-31     16:41:00   \n",
       "2           2  b66f253b-af29-4bc4-bb73-93755ca2a779   2023-08-31     16:41:00   \n",
       "3           3  b66f253b-af29-4bc4-bb73-93755ca2a779   2023-08-31     16:41:00   \n",
       "4           4  b66f253b-af29-4bc4-bb73-93755ca2a779   2023-08-31     16:41:00   \n",
       "\n",
       "       Charge                 Article  \\\n",
       "0  13-401(b1)  Transportation Article   \n",
       "1  16-101(a1)  Transportation Article   \n",
       "2   13-409(b)  Transportation Article   \n",
       "3   21-310(a)  Transportation Article   \n",
       "4   21-801(b)  Transportation Article   \n",
       "\n",
       "                                         Description Violation Type  \n",
       "0    operating unregistered motor vehicle on highway       Citation  \n",
       "1  driving to drive motor vehicle on highway with...       Citation  \n",
       "2  failure to display registration card upon dema...       Citation  \n",
       "3  driver of motor vehicle following vehicle clos...       Citation  \n",
       "4  failure to control veh. speed on hwy. to avoid...       Citation  "
      ]
     },
     "execution_count": 4,
     "metadata": {},
     "output_type": "execute_result"
    }
   ],
   "source": [
    "charges=pd.read_sql(\"charges\",engine)\n",
    "charges.head()"
   ]
  },
  {
   "cell_type": "code",
   "execution_count": 5,
   "id": "8ab09136",
   "metadata": {},
   "outputs": [
    {
     "data": {
      "text/html": [
       "<div>\n",
       "<style scoped>\n",
       "    .dataframe tbody tr th:only-of-type {\n",
       "        vertical-align: middle;\n",
       "    }\n",
       "\n",
       "    .dataframe tbody tr th {\n",
       "        vertical-align: top;\n",
       "    }\n",
       "\n",
       "    .dataframe thead th {\n",
       "        text-align: right;\n",
       "    }\n",
       "</style>\n",
       "<table border=\"1\" class=\"dataframe\">\n",
       "  <thead>\n",
       "    <tr style=\"text-align: right;\">\n",
       "      <th></th>\n",
       "      <th>Accident</th>\n",
       "      <th>Belts</th>\n",
       "      <th>Personal Injury</th>\n",
       "      <th>Property Damage</th>\n",
       "      <th>Fatal</th>\n",
       "      <th>Commercial License</th>\n",
       "      <th>HAZMAT</th>\n",
       "      <th>Commercial Vehicle</th>\n",
       "      <th>Alcohol</th>\n",
       "      <th>Work Zone</th>\n",
       "    </tr>\n",
       "  </thead>\n",
       "  <tbody>\n",
       "    <tr>\n",
       "      <th>Accident</th>\n",
       "      <td>1.000000</td>\n",
       "      <td>0.054533</td>\n",
       "      <td>0.358954</td>\n",
       "      <td>0.363651</td>\n",
       "      <td>0.034724</td>\n",
       "      <td>0.009035</td>\n",
       "      <td>0.000785</td>\n",
       "      <td>0.003378</td>\n",
       "      <td>0.002366</td>\n",
       "      <td>0.003340</td>\n",
       "    </tr>\n",
       "    <tr>\n",
       "      <th>Belts</th>\n",
       "      <td>0.054533</td>\n",
       "      <td>1.000000</td>\n",
       "      <td>0.069756</td>\n",
       "      <td>0.055335</td>\n",
       "      <td>0.001004</td>\n",
       "      <td>-0.002594</td>\n",
       "      <td>0.001211</td>\n",
       "      <td>-0.003737</td>\n",
       "      <td>-0.000915</td>\n",
       "      <td>0.000188</td>\n",
       "    </tr>\n",
       "    <tr>\n",
       "      <th>Personal Injury</th>\n",
       "      <td>0.358954</td>\n",
       "      <td>0.069756</td>\n",
       "      <td>1.000000</td>\n",
       "      <td>-0.009302</td>\n",
       "      <td>-0.001400</td>\n",
       "      <td>0.005793</td>\n",
       "      <td>-0.000656</td>\n",
       "      <td>0.005202</td>\n",
       "      <td>0.004367</td>\n",
       "      <td>0.005437</td>\n",
       "    </tr>\n",
       "    <tr>\n",
       "      <th>Property Damage</th>\n",
       "      <td>0.363651</td>\n",
       "      <td>0.055335</td>\n",
       "      <td>-0.009302</td>\n",
       "      <td>1.000000</td>\n",
       "      <td>-0.001723</td>\n",
       "      <td>0.011566</td>\n",
       "      <td>0.005611</td>\n",
       "      <td>0.002232</td>\n",
       "      <td>0.006440</td>\n",
       "      <td>0.005324</td>\n",
       "    </tr>\n",
       "    <tr>\n",
       "      <th>Fatal</th>\n",
       "      <td>0.034724</td>\n",
       "      <td>0.001004</td>\n",
       "      <td>-0.001400</td>\n",
       "      <td>-0.001723</td>\n",
       "      <td>1.000000</td>\n",
       "      <td>0.001430</td>\n",
       "      <td>-0.000120</td>\n",
       "      <td>-0.000736</td>\n",
       "      <td>-0.000291</td>\n",
       "      <td>0.004202</td>\n",
       "    </tr>\n",
       "    <tr>\n",
       "      <th>Commercial License</th>\n",
       "      <td>0.009035</td>\n",
       "      <td>-0.002594</td>\n",
       "      <td>0.005793</td>\n",
       "      <td>0.011566</td>\n",
       "      <td>0.001430</td>\n",
       "      <td>1.000000</td>\n",
       "      <td>0.017446</td>\n",
       "      <td>0.085530</td>\n",
       "      <td>-0.000581</td>\n",
       "      <td>0.001145</td>\n",
       "    </tr>\n",
       "    <tr>\n",
       "      <th>HAZMAT</th>\n",
       "      <td>0.000785</td>\n",
       "      <td>0.001211</td>\n",
       "      <td>-0.000656</td>\n",
       "      <td>0.005611</td>\n",
       "      <td>-0.000120</td>\n",
       "      <td>0.017446</td>\n",
       "      <td>1.000000</td>\n",
       "      <td>0.019483</td>\n",
       "      <td>-0.000136</td>\n",
       "      <td>-0.000091</td>\n",
       "    </tr>\n",
       "    <tr>\n",
       "      <th>Commercial Vehicle</th>\n",
       "      <td>0.003378</td>\n",
       "      <td>-0.003737</td>\n",
       "      <td>0.005202</td>\n",
       "      <td>0.002232</td>\n",
       "      <td>-0.000736</td>\n",
       "      <td>0.085530</td>\n",
       "      <td>0.019483</td>\n",
       "      <td>1.000000</td>\n",
       "      <td>0.000189</td>\n",
       "      <td>0.000979</td>\n",
       "    </tr>\n",
       "    <tr>\n",
       "      <th>Alcohol</th>\n",
       "      <td>0.002366</td>\n",
       "      <td>-0.000915</td>\n",
       "      <td>0.004367</td>\n",
       "      <td>0.006440</td>\n",
       "      <td>-0.000291</td>\n",
       "      <td>-0.000581</td>\n",
       "      <td>-0.000136</td>\n",
       "      <td>0.000189</td>\n",
       "      <td>1.000000</td>\n",
       "      <td>0.003657</td>\n",
       "    </tr>\n",
       "    <tr>\n",
       "      <th>Work Zone</th>\n",
       "      <td>0.003340</td>\n",
       "      <td>0.000188</td>\n",
       "      <td>0.005437</td>\n",
       "      <td>0.005324</td>\n",
       "      <td>0.004202</td>\n",
       "      <td>0.001145</td>\n",
       "      <td>-0.000091</td>\n",
       "      <td>0.000979</td>\n",
       "      <td>0.003657</td>\n",
       "      <td>1.000000</td>\n",
       "    </tr>\n",
       "  </tbody>\n",
       "</table>\n",
       "</div>"
      ],
      "text/plain": [
       "                    Accident     Belts  Personal Injury  Property Damage  \\\n",
       "Accident            1.000000  0.054533         0.358954         0.363651   \n",
       "Belts               0.054533  1.000000         0.069756         0.055335   \n",
       "Personal Injury     0.358954  0.069756         1.000000        -0.009302   \n",
       "Property Damage     0.363651  0.055335        -0.009302         1.000000   \n",
       "Fatal               0.034724  0.001004        -0.001400        -0.001723   \n",
       "Commercial License  0.009035 -0.002594         0.005793         0.011566   \n",
       "HAZMAT              0.000785  0.001211        -0.000656         0.005611   \n",
       "Commercial Vehicle  0.003378 -0.003737         0.005202         0.002232   \n",
       "Alcohol             0.002366 -0.000915         0.004367         0.006440   \n",
       "Work Zone           0.003340  0.000188         0.005437         0.005324   \n",
       "\n",
       "                       Fatal  Commercial License    HAZMAT  \\\n",
       "Accident            0.034724            0.009035  0.000785   \n",
       "Belts               0.001004           -0.002594  0.001211   \n",
       "Personal Injury    -0.001400            0.005793 -0.000656   \n",
       "Property Damage    -0.001723            0.011566  0.005611   \n",
       "Fatal               1.000000            0.001430 -0.000120   \n",
       "Commercial License  0.001430            1.000000  0.017446   \n",
       "HAZMAT             -0.000120            0.017446  1.000000   \n",
       "Commercial Vehicle -0.000736            0.085530  0.019483   \n",
       "Alcohol            -0.000291           -0.000581 -0.000136   \n",
       "Work Zone           0.004202            0.001145 -0.000091   \n",
       "\n",
       "                    Commercial Vehicle   Alcohol  Work Zone  \n",
       "Accident                      0.003378  0.002366   0.003340  \n",
       "Belts                        -0.003737 -0.000915   0.000188  \n",
       "Personal Injury               0.005202  0.004367   0.005437  \n",
       "Property Damage               0.002232  0.006440   0.005324  \n",
       "Fatal                        -0.000736 -0.000291   0.004202  \n",
       "Commercial License            0.085530 -0.000581   0.001145  \n",
       "HAZMAT                        0.019483 -0.000136  -0.000091  \n",
       "Commercial Vehicle            1.000000  0.000189   0.000979  \n",
       "Alcohol                       0.000189  1.000000   0.003657  \n",
       "Work Zone                     0.000979  0.003657   1.000000  "
      ]
     },
     "execution_count": 5,
     "metadata": {},
     "output_type": "execute_result"
    }
   ],
   "source": [
    "df.iloc[:,8:18].corr()"
   ]
  },
  {
   "cell_type": "code",
   "execution_count": 6,
   "id": "97f88fd2",
   "metadata": {},
   "outputs": [
    {
     "data": {
      "application/vnd.plotly.v1+json": {
       "config": {
        "plotlyServerURL": "https://plot.ly"
       },
       "data": [
        {
         "coloraxis": "coloraxis",
         "hovertemplate": "x: %{x}<br>y: %{y}<br>color: %{z}<extra></extra>",
         "name": "0",
         "type": "heatmap",
         "x": [
          "Accident",
          "Belts",
          "Personal Injury",
          "Property Damage",
          "Fatal",
          "Commercial License",
          "HAZMAT",
          "Commercial Vehicle",
          "Alcohol",
          "Work Zone"
         ],
         "xaxis": "x",
         "y": [
          "Accident",
          "Belts",
          "Personal Injury",
          "Property Damage",
          "Fatal",
          "Commercial License",
          "HAZMAT",
          "Commercial Vehicle",
          "Alcohol",
          "Work Zone"
         ],
         "yaxis": "y",
         "z": [
          [
           1,
           0.054532701177414614,
           0.3589540013441389,
           0.3636508686072071,
           0.03472439700616965,
           0.009034945337165368,
           0.0007850621662205501,
           0.0033776521649018267,
           0.0023656802269089476,
           0.00334041348596959
          ],
          [
           0.054532701177414614,
           1,
           0.06975631925791514,
           0.055335357743883394,
           0.001003623677341026,
           -0.002593636997407563,
           0.0012107331140052086,
           -0.0037373897267706773,
           -0.0009153660179886267,
           0.00018828707258648604
          ],
          [
           0.3589540013441389,
           0.06975631925791514,
           1,
           -0.009302079963291531,
           -0.0014002386010781626,
           0.005792930316917853,
           -0.0006556125295030798,
           0.005201855115156708,
           0.004366906666853264,
           0.0054370030955241625
          ],
          [
           0.3636508686072071,
           0.055335357743883394,
           -0.009302079963291531,
           1,
           -0.0017225154443629024,
           0.011565848138748908,
           0.005611004281697442,
           0.002231964740788256,
           0.0064403152829365104,
           0.00532384046192547
          ],
          [
           0.03472439700616965,
           0.001003623677341026,
           -0.0014002386010781626,
           -0.0017225154443629024,
           1,
           0.001430342682592546,
           -0.00012020767033733648,
           -0.0007364282502543012,
           -0.00029112207982389207,
           0.004201758650352573
          ],
          [
           0.009034945337165368,
           -0.002593636997407563,
           0.005792930316917853,
           0.011565848138748908,
           0.001430342682592546,
           1,
           0.017446117406428666,
           0.08553033013682636,
           -0.0005807287820652873,
           0.0011447099516812276
          ],
          [
           0.0007850621662205501,
           0.0012107331140052086,
           -0.0006556125295030798,
           0.005611004281697442,
           -0.00012020767033733648,
           0.017446117406428666,
           1,
           0.019482522802227044,
           -0.0001363076857048377,
           -0.00009086345883629382
          ],
          [
           0.0033776521649018267,
           -0.0037373897267706773,
           0.005201855115156708,
           0.002231964740788256,
           -0.0007364282502543012,
           0.08553033013682636,
           0.019482522802227044,
           1,
           0.00018858511573386616,
           0.0009786727471269424
          ],
          [
           0.0023656802269089476,
           -0.0009153660179886267,
           0.004366906666853264,
           0.0064403152829365104,
           -0.00029112207982389207,
           -0.0005807287820652873,
           -0.0001363076857048377,
           0.00018858511573386616,
           1,
           0.0036568375132280707
          ],
          [
           0.00334041348596959,
           0.00018828707258648604,
           0.0054370030955241625,
           0.00532384046192547,
           0.004201758650352573,
           0.0011447099516812276,
           -0.00009086345883629382,
           0.0009786727471269424,
           0.0036568375132280707,
           1
          ]
         ]
        }
       ],
       "layout": {
        "coloraxis": {
         "colorscale": [
          [
           0,
           "#0d0887"
          ],
          [
           0.1111111111111111,
           "#46039f"
          ],
          [
           0.2222222222222222,
           "#7201a8"
          ],
          [
           0.3333333333333333,
           "#9c179e"
          ],
          [
           0.4444444444444444,
           "#bd3786"
          ],
          [
           0.5555555555555556,
           "#d8576b"
          ],
          [
           0.6666666666666666,
           "#ed7953"
          ],
          [
           0.7777777777777778,
           "#fb9f3a"
          ],
          [
           0.8888888888888888,
           "#fdca26"
          ],
          [
           1,
           "#f0f921"
          ]
         ]
        },
        "height": 600,
        "template": {
         "data": {
          "bar": [
           {
            "error_x": {
             "color": "#2a3f5f"
            },
            "error_y": {
             "color": "#2a3f5f"
            },
            "marker": {
             "line": {
              "color": "#E5ECF6",
              "width": 0.5
             },
             "pattern": {
              "fillmode": "overlay",
              "size": 10,
              "solidity": 0.2
             }
            },
            "type": "bar"
           }
          ],
          "barpolar": [
           {
            "marker": {
             "line": {
              "color": "#E5ECF6",
              "width": 0.5
             },
             "pattern": {
              "fillmode": "overlay",
              "size": 10,
              "solidity": 0.2
             }
            },
            "type": "barpolar"
           }
          ],
          "carpet": [
           {
            "aaxis": {
             "endlinecolor": "#2a3f5f",
             "gridcolor": "white",
             "linecolor": "white",
             "minorgridcolor": "white",
             "startlinecolor": "#2a3f5f"
            },
            "baxis": {
             "endlinecolor": "#2a3f5f",
             "gridcolor": "white",
             "linecolor": "white",
             "minorgridcolor": "white",
             "startlinecolor": "#2a3f5f"
            },
            "type": "carpet"
           }
          ],
          "choropleth": [
           {
            "colorbar": {
             "outlinewidth": 0,
             "ticks": ""
            },
            "type": "choropleth"
           }
          ],
          "contour": [
           {
            "colorbar": {
             "outlinewidth": 0,
             "ticks": ""
            },
            "colorscale": [
             [
              0,
              "#0d0887"
             ],
             [
              0.1111111111111111,
              "#46039f"
             ],
             [
              0.2222222222222222,
              "#7201a8"
             ],
             [
              0.3333333333333333,
              "#9c179e"
             ],
             [
              0.4444444444444444,
              "#bd3786"
             ],
             [
              0.5555555555555556,
              "#d8576b"
             ],
             [
              0.6666666666666666,
              "#ed7953"
             ],
             [
              0.7777777777777778,
              "#fb9f3a"
             ],
             [
              0.8888888888888888,
              "#fdca26"
             ],
             [
              1,
              "#f0f921"
             ]
            ],
            "type": "contour"
           }
          ],
          "contourcarpet": [
           {
            "colorbar": {
             "outlinewidth": 0,
             "ticks": ""
            },
            "type": "contourcarpet"
           }
          ],
          "heatmap": [
           {
            "colorbar": {
             "outlinewidth": 0,
             "ticks": ""
            },
            "colorscale": [
             [
              0,
              "#0d0887"
             ],
             [
              0.1111111111111111,
              "#46039f"
             ],
             [
              0.2222222222222222,
              "#7201a8"
             ],
             [
              0.3333333333333333,
              "#9c179e"
             ],
             [
              0.4444444444444444,
              "#bd3786"
             ],
             [
              0.5555555555555556,
              "#d8576b"
             ],
             [
              0.6666666666666666,
              "#ed7953"
             ],
             [
              0.7777777777777778,
              "#fb9f3a"
             ],
             [
              0.8888888888888888,
              "#fdca26"
             ],
             [
              1,
              "#f0f921"
             ]
            ],
            "type": "heatmap"
           }
          ],
          "heatmapgl": [
           {
            "colorbar": {
             "outlinewidth": 0,
             "ticks": ""
            },
            "colorscale": [
             [
              0,
              "#0d0887"
             ],
             [
              0.1111111111111111,
              "#46039f"
             ],
             [
              0.2222222222222222,
              "#7201a8"
             ],
             [
              0.3333333333333333,
              "#9c179e"
             ],
             [
              0.4444444444444444,
              "#bd3786"
             ],
             [
              0.5555555555555556,
              "#d8576b"
             ],
             [
              0.6666666666666666,
              "#ed7953"
             ],
             [
              0.7777777777777778,
              "#fb9f3a"
             ],
             [
              0.8888888888888888,
              "#fdca26"
             ],
             [
              1,
              "#f0f921"
             ]
            ],
            "type": "heatmapgl"
           }
          ],
          "histogram": [
           {
            "marker": {
             "pattern": {
              "fillmode": "overlay",
              "size": 10,
              "solidity": 0.2
             }
            },
            "type": "histogram"
           }
          ],
          "histogram2d": [
           {
            "colorbar": {
             "outlinewidth": 0,
             "ticks": ""
            },
            "colorscale": [
             [
              0,
              "#0d0887"
             ],
             [
              0.1111111111111111,
              "#46039f"
             ],
             [
              0.2222222222222222,
              "#7201a8"
             ],
             [
              0.3333333333333333,
              "#9c179e"
             ],
             [
              0.4444444444444444,
              "#bd3786"
             ],
             [
              0.5555555555555556,
              "#d8576b"
             ],
             [
              0.6666666666666666,
              "#ed7953"
             ],
             [
              0.7777777777777778,
              "#fb9f3a"
             ],
             [
              0.8888888888888888,
              "#fdca26"
             ],
             [
              1,
              "#f0f921"
             ]
            ],
            "type": "histogram2d"
           }
          ],
          "histogram2dcontour": [
           {
            "colorbar": {
             "outlinewidth": 0,
             "ticks": ""
            },
            "colorscale": [
             [
              0,
              "#0d0887"
             ],
             [
              0.1111111111111111,
              "#46039f"
             ],
